,Avg_Daily_Usage_Hours,Sleep_Hours_Per_Night,Mental_Health_Score,Addicted_Score,Age,Conflicts_Over_Social_Media
Avg_Daily_Usage_Hours,1.0,-0.814,-0.802,0.838,-0.102,0.803
Sleep_Hours_Per_Night,-0.814,1.0,0.734,-0.788,0.132,-0.723
Mental_Health_Score,-0.802,0.734,1.0,-0.95,0.158,-0.908
Addicted_Score,0.838,-0.788,-0.95,1.0,-0.17,0.951
Age,-0.102,0.132,0.158,-0.17,1.0,-0.178
Conflicts_Over_Social_Media,0.803,-0.723,-0.908,0.951,-0.178,1.0
